image: my_map.pgm
resolution: 0.050000
origin: [-6.608823, -21.500644, 0.000000]
negate: 0
occupied_thresh: 0.65
free_thresh: 0.196

