image: my_map.pgm
resolution: 0.050000
origin: [-5.576137, -19.925555, 0.000000]
negate: 0
occupied_thresh: 0.65
free_thresh: 0.196

